0 Begin ||||
1    Y1 |||| 4,1  4,2  5,2 | 5,2  5,6  5,6 |
2    Y2 || 6,3  5,3 ||
3    Y3 || 3,1  4,1 ||
4    Y4 |||| 1,2  2,2  2,1 |
5    Y5 || 1,1  2,1 ||
6    Y6 || 1,0  1,1 || 1,1  1,1  1,2  1,2 |
7    Y7 || 3,2  3,3 ||
8    Y8 || 2,4  2,3 ||
9    Y9 |||| 3,0  4,0  4,1  5,1 |
10   Y10 || 5,1  5,0 || 5,1  5,1  5,5  5,5 | 5,2  5,2  5,2 |
11   Y11 |||| 5,0  5,0  3,0  3,1  3,1 |
12   Y12 || 5,6  5,5 ||
13   Y13 || 5,4  5,3 ||
14   Y14 |||| 1,4  1,4  1,0  1,0 |
15   Y15 || 4,3  3,3 ||
16    x1 |||| 2,1  2,0  3,0 |
17    x2 |||| 5,2  6,2  6,3 |
18    x3 || 5,3  4,3 ||
19    x4 || 5,5  5,4 ||
20    x5 || 3,3  2,3 ||
21    x6 || 2,3  1,3 ||
22    x7 || 1,3  0,3 || 1,3  1,3  1,3  1,3 |
23   End || 2,5  2,4 || 2,4  2,4  2,2  3,2 | 2,4  1,4  1,4 |
